
%%StandingPose
 jointAngles = [0,0,0,0,0,0,0,0,0,0,0,0,0,0,0,0,0,0,0,0];

%%Kneeling Pose
%jointAngles = [0,90,-90,0,0,0,0,0,0,-90,90,0,0,0,0,0,-90,0,90,0];