q = [0 0 0 0 0 0 0 0 0 0 0 0 0 0 0 0 0 0 0 0];
%jointAngles = [0,-90,90,0,0,0,0,0,0,90,-90,0,0,0,0,0,-90,0,90,0];