%Right Arm From Pelvis

%links =
%['pelvis';'ltorso';'mtorso';'r_clav';'r_scap';r_uarm;r_larm;r_ufarm;r_lfarm;r_hand

masses = [9.609;2.27;.799;4.46;3.899;12.75];

d =     [.162,0,.1406,0,-.245,0,0,-.0092,0,.299,0];
theta = [q1,90+q2,q3,90,q4,q5,q6+90,q7,q8+90,q9,q10];
a =     [-.0125,0,-.5276,-.2256,-.11,0,0,-.119,0,.0092,0];
alpha = [-90,90,0,-90,90,0,0,90,-90,90,0];

% Left Arm From Pelvis

d =     [.162,0,.1406,0,-.245,0,0,-.0092,0,.299,0];
theta = [q1,90+q2,q3,90,q4,q5,q6+90,q7,q8+90,q9,q10];
a =     [-.0125,0,-.5276,.2256,.11,0,0,-.119,0,-.0092,0];
alpha = [-90,90,0,-90,90,0,0,90,-90,90,0]