q = [1.00453 2 3;
			4 5 6.21355;
			7 8 9];