q = [0 0 0 0 0 0 0 0 0 0 0 0 0 0 0 0 0 0 0 0]*pi/180;