% Kneeling
newq = [0,45,-45,0,0,0,0,0,0,-30,45,0,0,0,-30,0,-90,0,90,0];