% THADDUES WILL UPDATE THE MASS.

LinkName = {'pelvis';'ltorso';'mtorso';'utorso';'lclav';'lscap';'luarm';'llarm';'lufarm';'llfarm';'lhand';'head';'hokuyolink';'rclav';'rscap';'ruarm';'rlarm';'rufarm';'rlfarm';'rhand';'luglut';'llglut';'luleg';'llleg';'ltalus';'lfoot';'ruglut';'rlglut';'ruleg';'rlleg';'rtalus';'rfoot'};
X = [0;-0.0125000000000000;-0.0125000000000000;-0.0126500000000000;0.128100000000000;0.128100000000000;0.128100000000000;0.128100000000000;0.128100000000000;0.128100000000000;0.128100000000000;0.242100000000000;0.197500000000000;0.128100000000000;0.128100000000000;0.128100000000000;0.128100000000000;0.128100000000000;0.128100000000000;0.128100000000000;0;0;0.0500000000000000;0;0;0;0;0;0.0500000000000000;0;0;0];
Y = [0;0;0;0;0.225600000000000;0.335600000000000;0.522600000000000;0.641600000000000;0.941150000000000;0.941150000000000;0.941150000000000;0;0;-0.225600000000000;-0.335600000000000;-0.522600000000000;-0.641600000000000;-0.641600000000000;-0.941150000000000;-0.941150000000000;0.0890000000000000;0.0890000000000000;0.111500000000000;0.111500000000000;0.111500000000000;0.111500000000000;-0.0890000000000000;-0.0890000000000000;-0.115000000000000;-0.111500000000000;-0.111500000000000;-0.111500000000000];
Z = [0;0.162000000000000;0.162000000000000;0.212000000000000;0.689600000000000;0.444600000000000;0.428600000000000;0.437800000000000;0.428590000000000;0.428590000000000;0.428590000000000;0.833500000000000;0.921500000000000;0.689600000000000;0.444600000000000;0.428600000000000;0.437800000000000;0.437800000000000;0.428590000000000;0.428590000000000;0;0;-0.0660000000000000;-0.440000000000000;-0.862000000000000;-0.862000000000000;0;0;-0.0660000000000000;-0.440000000000000;-0.862000000000000;-0.862000000000000];

% This is needed to calculate Center of Mass
MASS=[];

% Not absolutely needed because we already have DH Tables
ROLL = [];
PITCH = [];
YAW = [];
